0.000000 0.000000 0.000000 0.000000 0.000000 
0.019802 -31.307692 31.692308 28.153846 
0.039604 -31.307692 31.692308 28.153846 
0.059406 -31.307692 31.692308 28.153846 
0.079208 -31.307692 31.692308 28.153846 
0.099010 -31.307692 31.692308 28.153846 
0.118812 -32.230769 31.692308 27.307692 
0.138614 -32.538462 31.076923 28.076923 
0.158416 -32.538462 31.076923 28.076923 
0.178218 -32.384615 30.538462 26.076923 
0.198020 -33.769231 30.000000 26.692308 
0.217822 -33.846154 30.769231 28.153846 
0.237624 -34.230769 32.615385 28.076923 
0.257426 -34.384615 31.461538 30.307692 
0.277228 -34.461538 32.461538 28.076923 
0.297030 -34.461538 32.461538 28.076923 
0.316832 -35.307692 30.692308 27.000000 
0.336634 -35.307692 30.692308 27.000000 
0.356436 -35.153846 29.384615 28.384615 
0.376238 -36.230769 30.076923 31.923077 
0.396040 -37.615385 29.307692 27.692308 
0.415842 -36.923077 30.615385 30.923077 
0.435644 -36.923077 30.615385 30.923077 
0.455446 -37.538462 28.846154 27.230769 
0.475248 -37.538462 28.846154 27.230769 
0.495050 -37.923077 29.076923 29.846154 
0.514851 -38.000000 28.846154 28.769231 
0.534653 -38.923077 28.923077 29.461538 
0.554455 -39.538462 28.538462 28.692308 
0.574257 -39.538462 28.538462 28.692308 
0.594059 -39.384615 28.076923 28.846154 
0.613861 -40.000000 27.307692 27.076923 
0.633663 -40.000000 28.076923 28.538462 
0.653465 -40.615385 27.692308 29.615385 
0.673267 -41.384615 27.384615 26.384615 
0.693069 -41.461538 26.769231 26.538462 
0.712871 -40.923077 26.153846 29.384615 
0.732673 -42.923077 27.230769 27.461538 
0.752475 -42.923077 27.230769 27.461538 
0.772277 -42.769231 26.230769 28.846154 
0.792079 -42.538462 25.615385 27.769231 
0.811881 -42.923077 24.538462 28.769231 
0.831683 -43.615385 23.923077 26.769231 
0.851485 -43.230769 26.615385 26.538462 
0.871287 -43.538462 27.000000 28.923077 
0.891089 -43.538462 27.000000 28.923077 
0.910891 -44.000000 24.692308 28.769231 
0.930693 -44.000000 24.692308 28.769231 
0.950495 -44.846154 23.615385 26.384615 
0.970297 -46.230769 23.461538 26.230769 
0.990099 -45.769231 24.615385 28.384615 
1.009901 -46.384615 23.923077 28.769231 
1.029703 -45.538462 27.000000 27.615385 
1.049505 -46.384615 23.230769 28.153846 
1.069307 -45.307692 23.384615 27.615385 
1.089109 -46.076923 23.692308 29.000000 
1.108911 -46.076923 23.692308 29.000000 
1.128713 -46.461538 21.384615 29.461538 
1.148515 -46.461538 21.384615 29.461538 
1.168317 -46.923077 22.307692 26.307692 
1.188119 -46.384615 20.615385 29.692308 
1.207921 -47.230769 18.846154 29.692308 
1.227723 -47.461538 20.692308 27.076923 
1.247525 -47.461538 20.692308 27.076923 
1.267327 -47.923077 20.384615 28.384615 
1.287129 -47.923077 20.384615 28.384615 
1.306931 -47.846154 19.615385 27.000000 
1.326733 -48.769231 17.769231 28.846154 
1.346535 -48.769231 17.769231 28.846154 
1.366337 -49.538462 16.307692 29.923077 
1.386139 -49.538462 16.307692 29.923077 
1.405941 -48.692308 16.230769 29.615385 
1.425743 -49.615385 16.076923 30.846154 
1.445545 -49.615385 14.538462 25.692308 
1.465347 -48.538462 15.076923 28.846154 
1.485149 -50.307692 16.000000 27.692308 
1.504950 -50.461538 15.153846 29.538462 
1.524752 -50.461538 15.153846 29.538462 
1.544554 -49.307692 12.692308 33.076923 
1.564356 -49.461538 12.615385 29.769231 
1.584158 -48.692308 13.230769 30.923077 
1.603960 -49.076923 12.000000 29.384615 
1.623762 -49.923077 13.538462 27.384615 
1.643564 -50.307692 11.230769 28.307692 
1.663366 -48.692308 11.000000 29.538462 
1.683168 -49.076923 10.230769 28.769231 
1.702970 -50.384615 9.000000 30.923077 
1.722772 -49.076923 11.307692 30.538462 
1.742574 -49.076923 11.307692 30.538462 
1.762376 -50.076923 8.846154 25.923077 
1.782178 -50.153846 7.307692 26.769231 
1.801980 -50.461538 8.461538 27.692308 
1.821782 -50.230769 7.538462 29.923077 
1.841584 -49.461538 9.461538 28.230769 
1.861386 -50.000000 6.461538 31.384615 
1.881188 -50.000000 6.461538 31.384615 
1.900990 -49.153846 6.923077 27.307692 
1.920792 -49.538462 7.230769 28.153846 
1.940594 -51.000000 6.230769 28.538462 
1.960396 -49.307692 8.000000 31.461538 
1.980198 -50.384615 8.384615 26.769231 
2.000000 -48.615385 6.692308 29.461538 
2.019802 -48.615385 6.692308 29.461538 
2.039604 -50.230769 4.153846 31.846154 
2.059406 -50.230769 4.153846 31.846154 
2.079208 -48.769231 5.461538 26.923077 
2.099010 -48.538462 4.769231 28.846154 
2.118812 -48.538462 4.769231 28.846154 
2.138614 -48.692308 2.923077 26.384615 
2.158416 -48.692308 2.923077 26.384615 
2.178218 -48.307692 2.923077 31.307692 
2.198020 -48.307692 2.923077 31.307692 
2.217822 -49.076923 0.384615 27.076923 
2.237624 -48.000000 1.000000 29.923077 
2.257426 -48.307692 0.076923 27.153846 
2.277228 -47.923077 0.384615 26.692308 
2.297030 -47.923077 0.384615 26.692308 
2.316832 -46.615385 -0.923077 30.076923 
2.336634 -46.615385 -0.153846 28.923077 
2.356436 -46.692308 -3.230769 27.307692 
2.376238 -46.461538 -3.615385 26.769231 
2.396040 -46.769231 -1.615385 28.615385 
2.415842 -46.307692 -2.384615 27.692308 
2.435644 -46.000000 -2.846154 30.000000 
2.455446 -45.000000 -4.307692 33.076923 
2.475248 -45.000000 -4.307692 33.076923 
2.495050 -45.307692 -3.307692 26.846154 
2.514851 -45.307692 -3.307692 26.846154 
2.534653 -44.538462 -5.153846 30.076923 
2.554455 -44.461538 -5.538462 27.769231 
2.574257 -45.307692 -5.230769 28.615385 
2.594059 -44.000000 -6.153846 29.153846 
2.613861 -44.000000 -6.153846 29.153846 
2.633663 -42.461538 -6.461538 28.076923 
2.653465 -44.461538 -5.384615 29.692308 
2.673267 -43.307692 -7.076923 29.000000 
2.693069 -42.384615 -7.769231 27.076923 
2.712871 -42.384615 -7.769231 27.076923 
2.732673 -42.153846 -8.692308 26.230769 
2.752475 -42.153846 -8.692308 26.230769 
2.772277 -41.307692 -7.384615 29.692308 
2.792079 -41.230769 -8.000000 30.384615 
2.811881 -41.153846 -8.000000 28.307692 
2.831683 -40.461538 -8.076923 27.461538 
2.851485 -39.307692 -6.076923 25.769231 
2.871287 -39.307692 -9.076923 27.000000 
2.891089 -39.307692 -9.076923 27.000000 
2.910891 -38.692308 -7.615385 28.692308 
2.930693 -38.692308 -7.615385 28.692308 
2.950495 -38.538462 -9.461538 28.076923 
2.970297 -37.307692 -10.692308 30.153846 
2.990099 -38.692308 -9.230769 27.846154 
3.009901 -37.000000 -10.923077 26.769231 
3.029703 -36.307692 -9.692308 28.307692 
3.049505 -35.923077 -10.692308 28.615385 
3.069307 -35.923077 -10.153846 27.076923 
3.089109 -35.384615 -11.923077 27.846154 
3.108911 -35.384615 -11.923077 27.846154 
3.128713 -35.307692 -12.000000 27.000000 
3.148515 -33.461538 -12.230769 30.153846 
3.168317 -34.076923 -10.846154 26.307692 
3.188119 -33.461538 -11.692308 28.615385 
3.207921 -33.692308 -11.923077 27.230769 
3.227723 -31.538462 -13.307692 27.923077 
3.247525 -31.538462 -12.153846 27.384615 
3.267327 -31.615385 -12.153846 28.384615 
3.287129 -31.615385 -12.153846 28.384615 
3.306931 -31.076923 -11.538462 31.769231 
3.326733 -29.461538 -12.692308 27.846154 
3.346535 -29.230769 -13.538462 26.307692 
3.366337 -29.769231 -12.692308 30.230769 
3.386139 -28.769231 -12.153846 26.307692 
3.405941 -28.461538 -11.692308 30.384615 
3.425743 -28.461538 -11.692308 30.384615 
3.445545 -27.692308 -13.307692 32.692308 
3.465347 -25.692308 -12.076923 27.923077 
3.485149 -25.461538 -12.230769 31.461538 
3.504950 -25.769231 -12.230769 29.307692 
3.524752 -25.769231 -12.230769 29.307692 
3.544554 -25.384615 -12.769231 29.153846 
3.564356 -25.384615 -12.769231 29.153846 
3.584158 -24.307692 -11.538462 26.923077 
3.603960 -22.692308 -12.461538 30.076923 
3.623762 -24.000000 -12.000000 28.692308 
3.643564 -22.923077 -12.230769 28.923077 
3.663366 -22.153846 -11.538462 29.538462 
3.683168 -22.000000 -11.076923 29.000000 
3.702970 -22.000000 -11.076923 29.000000 
3.722772 -21.000000 -9.153846 28.461538 
3.742574 -19.846154 -11.461538 27.846154 
3.762376 -20.461538 -11.384615 27.538462 
3.782178 -19.076923 -10.615385 29.769231 
3.801980 -18.384615 -10.692308 27.384615 
3.821782 -18.307692 -10.230769 26.307692 
3.841584 -17.615385 -10.000000 26.769231 
3.861386 -17.923077 -8.384615 30.076923 
3.881188 -17.923077 -8.384615 30.076923 
3.900990 -17.076923 -9.000000 27.384615 
3.920792 -16.076923 -8.076923 26.461538 
3.940594 -16.153846 -7.692308 26.307692 
3.960396 -15.769231 -6.538462 27.384615 
3.980198 -15.461538 -7.384615 26.461538 
4.000000 -13.538462 -6.384615 28.384615 
4.019802 -15.615385 -6.769231 28.846154 
4.039604 -14.384615 -6.461538 27.538462 
4.059406 -14.384615 -6.461538 27.538462 
4.079208 -12.461538 -4.846154 26.384615 
4.099010 -12.461538 -4.538462 29.153846 
4.118812 -12.538462 -4.230769 30.923077 
4.138614 -11.846154 -4.692308 27.692308 
4.158416 -11.692308 -4.615385 27.615385 
4.178218 -12.000000 -4.230769 27.230769 
4.198020 -11.846154 -4.769231 28.846154 
4.217822 -10.923077 -3.923077 28.846154 
4.237624 -10.692308 -3.000000 27.846154 
4.257426 -10.923077 -2.307692 27.769231 
4.277228 -10.923077 -2.307692 27.769231 
4.297030 -9.538462 -1.153846 26.384615 
4.316832 -8.538462 -0.615385 27.384615 
4.336634 -8.538462 -0.615385 27.384615 
4.356436 -9.384615 0.076923 28.076923 
4.376238 -9.384615 0.076923 28.076923 
4.396040 -9.230769 0.538462 27.615385 
4.415842 -7.307692 0.615385 27.076923 
4.435644 -7.538462 2.461538 27.923077 
4.455446 -8.615385 4.153846 29.538462 
4.475248 -8.615385 4.153846 29.538462 
4.495050 -7.538462 5.076923 27.769231 
4.514851 -7.538462 5.076923 27.769231 
4.534653 -7.307692 5.692308 30.000000 
4.554455 -7.461538 3.692308 27.000000 
4.574257 -6.846154 5.769231 28.923077 
4.594059 -7.461538 5.692308 26.538462 
4.613861 -7.692308 6.769231 27.153846 
4.633663 -6.692308 6.076923 26.923077 
4.653465 -6.692308 6.076923 26.923077 
4.673267 -7.307692 7.384615 25.230769 
4.693069 -7.307692 7.384615 25.230769 
4.712871 -7.615385 9.769231 29.153846 
4.732673 -5.461538 10.000000 27.230769 
4.752475 -5.153846 9.461538 29.230769 
4.772277 -5.461538 10.923077 29.692308 
4.792079 -7.230769 11.538462 27.461538 
4.811881 -6.230769 12.307692 30.615385 
4.831683 -6.000000 13.230769 32.692308 
4.851485 -6.769231 13.076923 26.461538 
4.871287 -6.769231 13.076923 26.461538 
4.891089 -7.384615 14.923077 28.384615 
4.910891 -6.615385 14.230769 27.846154 
4.930693 -7.538462 16.000000 30.000000 
4.950495 -7.538462 16.692308 30.538462 
4.970297 -7.384615 15.769231 28.769231 
4.990099 -7.769231 16.153846 30.615385 
5.009901 -7.769231 16.153846 30.615385 
5.029703 -8.230769 18.384615 26.538462 
5.049505 -9.461538 18.769231 26.538462 
5.069307 -8.076923 17.846154 26.076923 
5.089109 -8.461538 18.769231 26.230769 
5.108911 -8.461538 18.769231 26.230769 
5.128713 -8.461538 20.538462 26.692308 
5.148515 -9.307692 19.923077 27.461538 
5.168317 -9.846154 22.615385 26.692308 
5.188119 -9.846154 22.615385 26.692308 
5.207921 -10.846154 23.076923 27.230769 
5.227723 -12.153846 24.000000 25.923077 
5.247525 -12.153846 24.000000 25.923077 
5.267327 -11.846154 25.153846 27.769231 
5.287129 -11.846154 25.153846 27.769231 
5.306931 -11.769231 24.769231 29.769231 
5.326733 -13.076923 25.846154 28.538462 
5.346535 -12.384615 26.384615 27.384615 
5.366337 -13.000000 26.000000 27.692308 
5.386139 -13.384615 23.384615 26.384615 
5.405941 -13.769231 26.846154 31.307692 
5.425743 -13.846154 27.923077 26.538462 
5.445545 -13.538462 26.076923 26.923077 
5.465347 -15.307692 27.076923 27.000000 
5.485149 -15.538462 28.461538 27.769231 
5.504950 -15.307692 27.846154 26.153846 
5.524752 -16.538462 27.615385 27.461538 
5.544554 -16.153846 27.538462 30.076923 
5.564356 -17.384615 27.846154 26.923077 
5.584158 -16.538462 28.384615 28.384615 
5.603960 -16.923077 28.076923 27.461538 
5.623762 -16.692308 28.769231 26.538462 
5.643564 -18.153846 29.000000 27.307692 
5.663366 -19.153846 30.000000 26.923077 
5.683168 -19.923077 30.846154 29.230769 
5.702970 -19.923077 30.846154 29.230769 
5.722772 -20.461538 29.230769 26.230769 
5.742574 -19.538462 29.769231 31.000000 
5.762376 -20.769231 30.538462 27.153846 
5.782178 -20.769231 30.538462 27.153846 
5.801980 -20.692308 29.846154 26.846154 
5.821782 -21.538462 30.692308 27.384615 
5.841584 -21.538462 30.692308 27.384615 
5.861386 -23.384615 32.230769 27.153846 
5.881188 -23.153846 31.307692 28.769231 
5.900990 -24.076923 30.769231 26.153846 
5.920792 -24.692308 31.923077 25.769231 
5.940594 -24.538462 32.230769 25.923077 
5.960396 -24.538462 32.230769 25.923077 
5.980198 -25.076923 30.923077 29.846154 
6.000000 -25.076923 30.923077 29.846154 
6.019802 -26.538462 30.769231 25.538462 
6.039604 -26.846154 32.384615 26.538462 
6.059406 -26.692308 33.846154 26.846154 
6.079208 -28.538462 31.615385 26.846154 
6.099010 -28.538462 31.615385 26.846154 
6.118812 -28.692308 31.153846 27.923077 
6.138614 -28.692308 33.153846 31.461538 
6.158416 -29.000000 32.000000 28.153846 
6.178218 -29.230769 31.307692 28.461538 
6.198020 -29.538462 31.000000 31.846154 
6.217822 -31.000000 33.538462 28.923077 
6.237624 -30.769231 30.692308 26.230769 
6.257426 -31.692308 32.923077 27.461538 
6.277228 -31.692308 32.461538 27.923077 
6.297030 -30.538462 32.384615 29.538462 
