0.000000 -15.538462 20.230769 15.230769 
-0.019802 -15.384615 19.692308 17.461538 
-0.039604 -15.923077 20.461538 13.538462 
-0.059406 -16.153846 20.615385 13.538462 
-0.079208 -16.615385 19.307692 12.230769 
-0.099010 -16.615385 19.307692 12.230769 
-0.118812 -16.076923 19.615385 13.692308 
-0.138614 -16.076923 19.615385 13.692308 
-0.158416 -14.692308 20.076923 13.692308 
-0.178218 -14.692308 20.076923 13.692308 
-0.198020 -15.461538 19.230769 14.769231 
-0.217822 -15.461538 19.230769 14.769231 
-0.237624 -14.384615 19.230769 13.076923 
-0.257426 -14.384615 19.230769 13.076923 
-0.277228 -14.076923 19.461538 13.538462 
-0.297030 -14.076923 19.461538 13.538462 
-0.316832 -14.461538 17.923077 13.769231 
-0.336634 -14.461538 17.923077 13.769231 
-0.356436 -13.461538 16.923077 15.076923 
-0.376238 -13.461538 16.923077 15.076923 
-0.396040 -12.692308 16.461538 13.923077 
-0.415842 -12.692308 16.461538 13.923077 
-0.435644 -13.153846 16.692308 15.769231 
-0.455446 -12.615385 16.923077 15.538462 
-0.475248 -13.461538 17.846154 13.769231 
-0.495050 -13.076923 16.461538 15.230769 
-0.514851 -11.692308 18.076923 12.923077 
-0.534653 -11.307692 15.615385 13.461538 
-0.554455 -12.769231 15.307692 13.461538 
-0.574257 -12.769231 15.307692 13.461538 
-0.594059 -11.692308 14.153846 13.769231 
-0.613861 -11.692308 15.538462 12.769231 
-0.633663 -11.769231 14.153846 15.230769 
-0.653465 -11.769231 14.153846 15.230769 
-0.673267 -11.461538 15.692308 14.846154 
-0.693069 -11.461538 15.692308 12.846154 
-0.712871 -9.846154 13.461538 12.923077 
-0.732673 -9.846154 13.461538 12.923077 
-0.752475 -10.153846 12.538462 14.923077 
-0.772277 -10.153846 12.538462 14.923077 
-0.792079 -9.384615 13.384615 15.000000 
-0.811881 -9.384615 13.384615 15.000000 
-0.831683 -11.461538 11.461538 13.000000 
-0.851485 -11.461538 11.461538 13.000000 
-0.871287 -10.230769 11.000000 16.769231 
-0.891089 -10.230769 11.000000 16.769231 
-0.910891 -10.307692 10.461538 14.461538 
-0.930693 -10.307692 10.461538 14.461538 
-0.950495 -10.923077 9.692308 13.846154 
-0.970297 -10.923077 9.692308 13.846154 
-0.990099 -11.153846 10.307692 12.923077 
-1.009901 -11.153846 10.307692 12.923077 
-1.029703 -10.384615 7.692308 15.384615 
-1.049505 -10.615385 8.230769 12.846154 
-1.069307 -11.000000 7.153846 12.923077 
-1.089109 -11.000000 7.153846 12.923077 
-1.108911 -10.307692 6.307692 15.384615 
-1.128713 -10.307692 6.307692 15.384615 
-1.148515 -10.384615 6.153846 12.307692 
-1.168317 -10.384615 6.153846 12.307692 
-1.188119 -11.769231 5.153846 12.846154 
-1.207921 -9.076923 5.461538 15.384615 
-1.227723 -10.769231 5.615385 13.461538 
-1.247525 -10.769231 5.615385 13.461538 
-1.267327 -10.615385 4.384615 15.538462 
-1.287129 -10.461538 3.615385 13.615385 
-1.306931 -10.538462 4.692308 14.000000 
-1.326733 -10.538462 4.692308 14.000000 
-1.346535 -11.538462 4.000000 14.846154 
-1.366337 -11.538462 4.000000 14.846154 
-1.386139 -11.923077 2.230769 12.461538 
-1.405941 -11.923077 2.230769 12.461538 
-1.425743 -11.307692 2.692308 14.615385 
-1.445545 -11.307692 2.692308 14.615385 
-1.465347 -12.230769 1.384615 13.538462 
-1.485149 -12.230769 1.384615 13.538462 
-1.504950 -12.461538 0.615385 14.846154 
-1.524752 -12.307692 2.230769 16.384615 
-1.544554 -13.153846 2.615385 13.153846 
-1.564356 -13.153846 2.615385 13.153846 
-1.584158 -12.692308 1.230769 13.692308 
-1.603960 -12.384615 1.230769 13.692308 
-1.623762 -12.846154 -0.769231 13.076923 
-1.643564 -12.846154 -0.769231 13.076923 
-1.663366 -12.846154 -1.846154 15.538462 
-1.683168 -12.846154 -0.307692 16.923077 
-1.702970 -13.615385 -1.153846 13.461538 
-1.722772 -13.615385 -1.153846 13.461538 
-1.742574 -14.230769 -1.230769 14.538462 
-1.762376 -14.923077 -1.307692 13.230769 
-1.782178 -14.615385 -3.000000 18.307692 
-1.801980 -14.615385 -3.000000 18.307692 
-1.821782 -16.153846 -3.000000 15.000000 
-1.841584 -13.692308 -1.461538 15.769231 
-1.861386 -16.000000 -3.307692 13.076923 
-1.881188 -16.000000 -3.307692 13.076923 
-1.900990 -15.769231 -3.461538 14.769231 
-1.920792 -15.769231 -3.461538 14.769231 
-1.940594 -15.307692 -5.153846 13.846154 
-1.960396 -15.307692 -5.153846 13.846154 
-1.980198 -16.615385 -4.923077 16.384615 
-2.000000 -16.230769 -4.384615 15.615385 
-2.019802 -17.769231 -3.923077 15.153846 
-2.039604 -17.769231 -3.923077 15.153846 
-2.059406 -17.461538 -4.692308 15.769231 
-2.079208 -17.461538 -4.692308 15.769231 
-2.099010 -17.461538 -5.230769 14.307692 
-2.118812 -18.769231 -5.000000 12.692308 
-2.138614 -18.461538 -5.461538 14.846154 
-2.158416 -19.230769 -6.000000 13.230769 
-2.178218 -19.615385 -5.384615 12.000000 
-2.198020 -19.615385 -5.384615 12.000000 
-2.217822 -19.615385 -6.307692 16.538462 
-2.237624 -19.615385 -6.538462 18.230769 
-2.257426 -20.538462 -5.615385 17.000000 
-2.277228 -20.769231 -6.769231 14.230769 
-2.297030 -21.615385 -7.384615 14.538462 
-2.316832 -21.615385 -7.384615 14.538462 
-2.336634 -21.769231 -6.538462 13.461538 
-2.356436 -22.230769 -6.461538 14.538462 
-2.376238 -22.000000 -7.461538 17.000000 
-2.396040 -22.307692 -6.846154 12.846154 
-2.415842 -23.230769 -7.384615 13.307692 
-2.435644 -23.230769 -7.384615 13.307692 
-2.455446 -23.307692 -7.230769 14.538462 
-2.475248 -23.307692 -7.230769 14.538462 
-2.495050 -24.461538 -4.846154 14.153846 
-2.514851 -24.461538 -4.846154 14.153846 
-2.534653 -24.615385 -7.461538 15.307692 
-2.554455 -24.615385 -7.461538 15.307692 
-2.574257 -25.538462 -6.538462 14.230769 
-2.594059 -25.615385 -6.230769 14.769231 
-2.613861 -25.615385 -6.153846 13.000000 
-2.633663 -25.615385 -6.153846 13.000000 
-2.653465 -26.384615 -7.076923 14.923077 
-2.673267 -26.384615 -7.076923 14.923077 
-2.693069 -26.153846 -7.615385 15.461538 
-2.712871 -26.153846 -7.615385 15.461538 
-2.732673 -28.000000 -6.769231 18.000000 
-2.752475 -26.769231 -7.769231 15.384615 
-2.772277 -27.538462 -7.769231 16.461538 
-2.792079 -27.538462 -7.769231 16.461538 
-2.811881 -28.076923 -5.230769 16.769231 
-2.831683 -28.923077 -4.538462 15.230769 
-2.851485 -29.153846 -6.538462 14.000000 
-2.871287 -28.461538 -7.076923 17.846154 
-2.891089 -29.230769 -6.846154 15.076923 
-2.910891 -29.230769 -6.846154 15.076923 
-2.930693 -31.769231 -6.615385 13.923077 
-2.950495 -31.769231 -6.615385 13.923077 
-2.970297 -30.846154 -6.230769 13.307692 
-2.990099 -30.846154 -6.230769 13.307692 
-3.009901 -31.615385 -5.538462 15.538462 
-3.029703 -31.615385 -4.846154 17.384615 
-3.049505 -32.153846 -4.230769 14.846154 
-3.069307 -31.769231 -5.461538 12.692308 
-3.089109 -31.538462 -5.769231 18.615385 
-3.108911 -31.538462 -5.769231 18.615385 
-3.128713 -33.846154 -4.923077 13.307692 
-3.148515 -33.846154 -4.923077 13.307692 
-3.168317 -33.692308 -5.846154 17.076923 
-3.188119 -34.153846 -4.384615 13.769231 
-3.207921 -34.846154 -3.692308 14.230769 
-3.227723 -34.846154 -3.692308 14.230769 
-3.247525 -34.153846 -2.153846 15.384615 
-3.267327 -34.153846 -2.153846 15.384615 
-3.287129 -35.615385 -2.846154 13.000000 
-3.306931 -35.000000 -3.384615 17.076923 
-3.326733 -36.307692 -4.153846 13.846154 
-3.346535 -35.769231 -3.000000 16.076923 
-3.366337 -36.769231 -3.153846 12.461538 
-3.386139 -36.769231 -3.153846 12.461538 
-3.405941 -36.923077 -2.384615 14.230769 
-3.425743 -36.769231 -1.846154 14.076923 
-3.445545 -37.923077 1.384615 14.000000 
-3.465347 -37.846154 -1.692308 13.230769 
-3.485149 -36.230769 0.230769 17.000000 
-3.504950 -36.230769 0.230769 17.000000 
-3.524752 -37.615385 0.153846 13.923077 
-3.544554 -38.000000 0.153846 17.846154 
-3.564356 -38.307692 2.307692 16.307692 
-3.584158 -38.307692 2.307692 16.307692 
-3.603960 -38.923077 1.384615 14.384615 
-3.623762 -38.923077 1.384615 14.384615 
-3.643564 -39.307692 1.923077 14.538462 
-3.663366 -38.307692 0.384615 17.307692 
-3.683168 -39.538462 1.615385 14.769231 
-3.702970 -39.538462 1.615385 14.769231 
-3.722772 -38.615385 2.230769 17.153846 
-3.742574 -38.615385 2.230769 17.153846 
-3.762376 -37.846154 2.461538 16.923077 
-3.782178 -37.846154 3.384615 16.538462 
-3.801980 -39.923077 3.000000 19.384615 
-3.821782 -40.307692 4.307692 14.384615 
-3.841584 -39.846154 5.461538 17.846154 
-3.861386 -39.846154 5.461538 17.846154 
-3.881188 -40.692308 4.230769 15.615385 
-3.900990 -40.692308 4.000000 13.000000 
-3.920792 -40.000000 4.384615 14.538462 
-3.940594 -39.846154 4.000000 15.000000 
-3.960396 -38.692308 5.461538 16.000000 
-3.980198 -38.692308 5.461538 16.000000 
-4.000000 -40.923077 5.538462 13.307692 
-4.019802 -40.923077 5.538462 13.307692 
-4.039604 -41.153846 6.769231 14.846154 
-4.059406 -40.615385 8.000000 14.153846 
-4.079208 -41.769231 8.846154 16.692308 
-4.099010 -41.769231 8.846154 16.692308 
-4.118812 -40.923077 9.461538 16.000000 
-4.138614 -40.461538 9.384615 13.153846 
-4.158416 -41.153846 8.692308 14.153846 
-4.178218 -41.153846 8.692308 14.153846 
-4.198020 -40.538462 9.153846 16.000000 
-4.217822 -40.538462 9.153846 16.000000 
-4.237624 -40.076923 11.000000 16.461538 
-4.257426 -40.076923 11.000000 16.461538 
-4.277228 -39.769231 10.846154 17.384615 
-4.297030 -40.307692 10.461538 19.076923 
-4.316832 -39.692308 12.461538 17.615385 
-4.336634 -39.692308 12.461538 17.615385 
-4.356436 -39.153846 12.307692 18.538462 
-4.376238 -40.000000 12.615385 17.230769 
-4.396040 -40.692308 13.846154 14.923077 
-4.415842 -39.923077 12.384615 21.384615 
-4.435644 -40.230769 12.000000 13.000000 
-4.455446 -40.230769 12.000000 13.000000 
-4.475248 -39.769231 13.461538 13.153846 
-4.495050 -39.769231 13.461538 13.153846 
-4.514851 -40.307692 16.769231 15.769231 
-4.534653 -39.153846 16.000000 15.153846 
-4.554455 -39.538462 16.230769 15.076923 
-4.574257 -38.769231 15.923077 14.000000 
-4.594059 -38.076923 17.000000 16.538462 
-4.613861 -38.923077 17.230769 15.461538 
-4.633663 -37.923077 18.230769 19.615385 
-4.653465 -38.692308 15.769231 13.307692 
-4.673267 -39.230769 17.076923 14.230769 
-4.693069 -38.461538 16.153846 16.153846 
-4.712871 -38.692308 17.230769 17.923077 
-4.732673 -38.076923 17.384615 13.307692 
-4.752475 -37.461538 17.538462 15.307692 
-4.772277 -38.153846 18.307692 15.230769 
-4.792079 -37.000000 18.846154 13.923077 
-4.811881 -36.923077 20.076923 13.461538 
-4.831683 -37.153846 18.692308 15.384615 
-4.851485 -36.153846 20.846154 17.538462 
-4.871287 -36.153846 20.846154 17.538462 
-4.891089 -35.846154 19.923077 15.076923 
-4.910891 -35.846154 19.923077 15.076923 
-4.930693 -36.769231 20.076923 13.615385 
-4.950495 -35.923077 20.384615 15.692308 
-4.970297 -35.615385 20.769231 15.307692 
-4.990099 -35.615385 20.769231 15.307692 
-5.009901 -35.384615 22.461538 14.538462 
-5.029703 -35.076923 21.615385 16.000000 
-5.049505 -34.615385 21.923077 13.307692 
-5.069307 -35.153846 21.000000 13.692308 
-5.089109 -33.846154 23.076923 16.307692 
-5.108911 -33.846154 23.076923 16.307692 
-5.128713 -33.615385 23.307692 13.384615 
-5.148515 -33.615385 23.307692 13.384615 
-5.168317 -33.153846 23.230769 13.076923 
-5.188119 -33.461538 23.461538 13.538462 
-5.207921 -31.461538 22.307692 15.230769 
-5.227723 -31.461538 22.307692 15.230769 
-5.247525 -31.692308 24.538462 13.692308 
-5.267327 -32.076923 21.846154 17.000000 
-5.287129 -30.153846 24.307692 15.923077 
-5.306931 -31.769231 23.000000 13.461538 
-5.326733 -30.846154 23.153846 13.230769 
-5.346535 -30.923077 23.000000 14.384615 
-5.366337 -28.923077 23.000000 13.692308 
-5.386139 -28.923077 23.000000 13.692308 
-5.405941 -29.692308 23.692308 16.461538 
-5.425743 -28.846154 25.000000 13.615385 
-5.445545 -28.769231 24.230769 15.923077 
-5.465347 -28.769231 24.230769 15.923077 
-5.485149 -28.538462 24.461538 15.230769 
-5.504950 -27.846154 22.923077 14.461538 
-5.524752 -27.153846 24.230769 13.692308 
-5.544554 -28.153846 23.000000 12.615385 
-5.564356 -25.769231 23.307692 16.000000 
-5.584158 -25.769231 23.307692 16.000000 
-5.603960 -25.692308 24.000000 12.846154 
-5.623762 -25.692308 24.000000 12.846154 
-5.643564 -25.923077 23.846154 14.076923 
-5.663366 -25.230769 24.538462 13.615385 
-5.683168 -24.769231 24.846154 14.538462 
-5.702970 -24.769231 24.846154 14.538462 
-5.722772 -24.769231 24.846154 14.538462 
-5.742574 -23.307692 25.000000 14.153846 
-5.762376 -22.923077 23.923077 14.000000 
-5.782178 -23.769231 24.076923 12.384615 
-5.801980 -24.153846 25.000000 13.461538 
-5.821782 -22.307692 24.076923 13.923077 
-5.841584 -22.076923 24.230769 13.846154 
-5.861386 -22.076923 24.230769 13.846154 
-5.881188 -22.692308 24.461538 13.153846 
-5.900990 -21.846154 23.230769 16.461538 
-5.920792 -20.923077 25.538462 13.615385 
-5.940594 -20.615385 23.461538 15.000000 
-5.960396 -20.230769 23.307692 15.769231 
-5.980198 -19.076923 23.000000 19.153846 
-6.000000 -20.076923 22.769231 14.307692 
-6.019802 -18.769231 22.461538 12.923077 
-6.039604 -20.076923 21.846154 15.076923 
-6.059406 -20.076923 21.846154 15.076923 
-6.079208 -18.846154 23.769231 13.307692 
-6.099010 -18.846154 23.769231 13.307692 
-6.118812 -17.846154 22.923077 15.384615 
-6.138614 -18.076923 21.307692 13.230769 
-6.158416 -18.384615 20.923077 15.076923 
-6.178218 -18.384615 20.923077 15.076923 
-6.198020 -17.000000 21.692308 15.000000 
-6.217822 -15.923077 20.769231 14.538462 
-6.237624 -17.076923 21.076923 15.615385 
-6.257426 -15.769231 21.615385 13.153846 
-6.277228 -16.153846 20.307692 18.307692 
-6.297030 -16.153846 20.307692 18.307692 
